w0:36	2	PLAN_DISJOINT		segs=[(0, 1, 0, 4), (1, 1, 32, 4), (2, 1, 16, 4)]
w100:269	0	PLAN_DISJOINT		segs=[(0, 1, 32, 8), (1, 1, 16, 1), (2, 1, 0, 4)]
w101:410	0	PLAN_DISJOINT		segs=[(0, 1, 48, 8), (1, 1, 32, 16), (2, 1, 16, 8), (3, 1, 0, 8)]
w101:421	3	PLAN_DISJOINT		segs=[(0, 1, 48, 8), (1, 1, 32, 4), (2, 1, 16, 12), (3, 1, 0, 4)]
w102:100	0	PLAN_DISJOINT		segs=[(0, 1, 96, 32), (1, 1, 160, 2), (2, 1, 0, 96), (3, 1, 128, 4)]
w102:159	1	PLAN_DISJOINT		segs=[(0, 1, 368, 4), (1, 1, 256, 4), (2, 1, 128, 128), (3, 1, 0, 128), (4, 1, 336, 24)]
w103:242	3	PLAN_DISJOINT		segs=[(0, 1, 0, 96), (1, 1, 160, 32), (2, 1, 128, 32), (3, 1, 96, 32), (4, 1, 256, 8)]
w103:246	0	PLAN_DISJOINT		segs=[(0, 1, 0, 54), (1, 1, 80, 6), (2, 1, 64, 6)]
w103:475	1	PLAN_DISJOINT		segs=[(0, 1, 112, 4), (1, 1, 64, 4), (2, 1, 80, 8), (3, 1, 0, 32)]
w104:767	4	PLAN_DISJOINT		segs=[(0, 1, 64, 2), (1, 1, 48, 4), (2, 1, 32, 8), (3, 1, 16, 2), (4, 1, 0, 8)]
w105:105	1	PLAN_DISJOINT		segs=[(0, 1, 64, 1), (1, 1, 48, 8), (2, 1, 32, 8), (3, 1, 16, 4), (4, 1, 0, 2)]
w105:285	2	PLAN_DISJOINT		segs=[(0, 1, 48, 2), (1, 1, 32, 4), (2, 1, 16, 4), (3, 1, 0, 4)]
w105:596	2	PLAN_DISJOINT		segs=[(0, 1, 736, 16), (1, 1, 192, 192), (2, 1, 0, 192), (3, 1, 576, 128)]
w108:400	0	PLAN_DISJOINT		segs=[(0, 1, 1216, 64), (1, 1, 1024, 192), (2, 1, 768, 256), (3, 1, 0, 768)]
w109:327	0	PLAN_DISJOINT		segs=[(0, 1, 160, 32), (1, 1, 128, 32), (2, 1, 256, 8), (3, 1, 0, 64)]
w111:550	3	PLAN_DISJOINT		segs=[(0, 1, 0, 256), (1, 1, 416, 16), (2, 1, 400, 16), (3, 1, 384, 16)]
w111:621	5	PLAN_DISJOINT		segs=[(0, 1, 128, 8), (1, 1, 0, 32), (2, 1, 112, 8), (3, 1, 80, 16), (4, 1, 64, 4), (5, 1, 32, 24), (6, 1, 96, 12)]
w112:87	1	PLAN_DISJOINT		segs=[(0, 1, 0, 32), (1, 1, 128, 2), (2, 1, 112, 2), (3, 1, 96, 4)]
w113:293	1	PLAN_DISJOINT		segs=[(0, 1, 32, 4), (1, 1, 16, 16), (2, 1, 0, 4)]
w113:403	2	PLAN_DISJOINT		segs=[(0, 1, 256, 32), (1, 1, 288, 4), (2, 1, 64, 64), (3, 1, 0, 64), (4, 1, 320, 4)]
w113:432	1	PLAN_DISJOINT		segs=[(0, 1, 1536, 96), (1, 1, 384, 384), (2, 1, 384, 0), (3, 1, 0, 384), (4, 1, 1632, 48)]
w113:473	3	PLAN_DISJOINT		segs=[(0, 1, 64, 8), (1, 1, 48, 8), (2, 1, 32, 4), (3, 1, 16, 8), (4, 1, 0, 4)]
w114:718	0	PLAN_DISJOINT		segs=[(0, 1, 64, 4), (1, 1, 48, 2), (2, 1, 32, 4), (3, 1, 16, 8), (4, 1, 0, 8)]
w116:157	0	PLAN_DISJOINT		segs=[(0, 1, 16, 12), (1, 1, 64, 4), (2, 1, 48, 4), (3, 1, 32, 12), (4, 1, 0, 8)]
w116:657	0	PLAN_DISJOINT		segs=[(0, 1, 32, 24), (1, 1, 0, 24), (2, 1, 144, 8), (3, 1, 112, 1), (4, 1, 96, 2)]
w117:551	3	PLAN_DISJOINT		segs=[(0, 1, 64, 4), (1, 1, 48, 8), (2, 1, 32, 8), (3, 1, 16, 8), (4, 1, 0, 2)]
w118:301	0	PLAN_DISJOINT		segs=[(0, 1, 1024, 1024), (1, 1, 4096, 512), (2, 1, 4864, 2), (3, 1, 4608, 256), (4, 1, 0, 1024)]
w118:433	1	PLAN_DISJOINT		segs=[(0, 1, 64, 8), (1, 1, 48, 8), (2, 1, 32, 2), (3, 1, 16, 16), (4, 1, 0, 2)]
w118:466	3	PLAN_DISJOINT		segs=[(0, 1, 0, 4), (1, 1, 80, 8), (2, 1, 64, 8), (3, 1, 48, 8), (4, 1, 32, 4), (5, 1, 16, 8)]
w119:33	0	PLAN_DISJOINT		segs=[(0, 1, 192, 192), (1, 1, 2048, 4), (2, 1, 0, 192)]
w11:176	1	PLAN_DISJOINT		segs=[(0, 1, 64, 8), (1, 1, 48, 8), (2, 1, 32, 4), (3, 1, 80, 8), (4, 1, 16, 8), (5, 1, 0, 8)]
w11:451	0	PLAN_DISJOINT		segs=[(0, 1, 2352, 1), (1, 1, 1024, 512), (2, 1, 0, 512), (3, 1, 2048, 256), (4, 1, 2336, 4)]
w11:490	2	PLAN_DISJOINT		segs=[(0, 1, 64, 0), (1, 1, 32, 4), (2, 1, 16, 4), (3, 1, 0, 4)]
w11:542	3	PLAN_DISJOINT		segs=[(0, 1, 48, 12), (1, 1, 32, 3), (2, 1, 16, 2), (3, 1, 0, 12)]
w120:103	1	PLAN_DISJOINT		segs=[(0, 1, 2128, 2), (1, 1, 0, 384), (2, 1, 2112, 4), (3, 1, 384, 192)]
w120:269	3	PLAN_DISJOINT		segs=[(0, 1, 640, 32), (1, 1, 512, 8), (2, 1, 0, 512), (3, 1, 704, 4)]
w120:675	0	PLAN_DISJOINT		segs=[(0, 1, 48, 4), (1, 1, 32, 8), (2, 1, 16, 8), (3, 1, 0, 4)]
w121:108	2	PLAN_DISJOINT		segs=[(0, 1, 0, 288), (1, 1, 672, 6), (2, 1, 288, 24), (3, 1, 576, 12)]
w121:464	2	PLAN_DISJOINT		segs=[(0, 1, 288, 72), (1, 1, 0, 288), (2, 1, 480, 4), (3, 1, 464, 4), (4, 1, 448, 1)]
w121:628	0	PLAN_DISJOINT		segs=[(0, 1, 64, 8), (1, 1, 48, 4), (2, 1, 32, 8), (3, 1, 16, 16), (4, 1, 0, 4)]
w122:439	0	PLAN_DISJOINT		segs=[(0, 1, 176, 3), (1, 1, 96, 48), (2, 1, 144, 24)]
w123:128	3	PLAN_DISJOINT		segs=[(0, 1, 64, 8), (1, 1, 48, 2), (2, 1, 0, 2), (3, 1, 32, 8), (4, 1, 16, 2)]
w123:49	0	PLAN_DISJOINT		segs=[(0, 1, 48, 4), (1, 1, 32, 4), (2, 1, 16, 4), (3, 1, 0, 8)]
w124:469	3	PLAN_DISJOINT		segs=[(0, 1, 64, 2), (1, 1, 48, 16), (2, 1, 16, 1), (3, 1, 0, 8)]
w124:557	2	PLAN_DISJOINT		segs=[(0, 1, 3456, 576), (1, 1, 4032, 384), (2, 1, 1152, 1152), (3, 1, 0, 1152)]
w125:77	1	PLAN_DISJOINT		segs=[(0, 1, 48, 2), (1, 1, 32, 8), (2, 1, 16, 2), (3, 1, 0, 2)]
w126:255	4	PLAN_DISJOINT		segs=[(0, 1, 0, 4), (1, 1, 64, 4), (2, 1, 48, 2), (3, 1, 32, 4), (4, 1, 16, 2)]
w126:279	0	PLAN_DISJOINT		segs=[(0, 1, 32, 8), (1, 1, 16, 4), (2, 1, 0, 4), (3, 1, 64, 0)]
w126:353	4	PLAN_DISJOINT		segs=[(0, 1, 80, 8), (1, 1, 48, 8), (2, 1, 0, 32), (3, 1, 32, 4), (4, 1, 64, 8)]
w126:439	0	PLAN_DISJOINT		segs=[(0, 1, 64, 32), (1, 1, 32, 32), (2, 1, 0, 32), (3, 1, 144, 2), (4, 1, 128, 2)]
w126:449	1	PLAN_DISJOINT		segs=[(0, 1, 32, 8), (1, 1, 16, 4), (2, 1, 0, 4)]
w126:706	1	PLAN_DISJOINT		segs=[(0, 1, 64, 4), (1, 1, 48, 8), (2, 1, 32, 8), (3, 1, 0, 8)]
w127:104	0	PLAN_DISJOINT		segs=[(1, 1, 96, 96), (2, 1, 544, 4), (3, 1, 496, 48), (4, 1, 448, 48)]
w127:121	1	PLAN_DISJOINT		segs=[(0, 1, 880, 8), (1, 1, 864, 4), (2, 1, 0, 576)]
w127:367	2	PLAN_DISJOINT		segs=[(0, 1, 576, 2), (1, 1, 512, 64), (2, 1, 128, 128), (3, 1, 0, 128)]
w12:215	1	PLAN_DISJOINT		segs=[(0, 1, 960, 2), (1, 1, 768, 192)]
w12:292	1	PLAN_DISJOINT		segs=[(0, 1, 80, 4), (1, 1, 0, 48), (2, 1, 48, 4)]
w12:366	1	PLAN_DISJOINT		segs=[(0, 1, 48, 1), (1, 1, 32, 2), (2, 1, 16, 4), (3, 1, 0, 8)]
w12:533	2	PLAN_DISJOINT		segs=[(0, 1, 3072, 384), (1, 1, 2048, 512), (2, 1, 1536, 512), (3, 1, 3776, 32)]
w12:674	0	PLAN_DISJOINT		segs=[(0, 1, 1520, 216), (1, 1, 1296, 216), (2, 1, 0, 432)]
w13:397	0	PLAN_DISJOINT		segs=[(0, 1, 48, 8), (1, 1, 32, 2), (2, 1, 16, 4), (3, 1, 0, 4)]
w13:639	0	PLAN_DISJOINT		segs=[(0, 1, 0, 4), (1, 1, 64, 3), (2, 1, 48, 12), (3, 1, 32, 12), (4, 1, 16, 12)]
w14:14	2	PLAN_DISJOINT		segs=[(0, 1, 784, 8), (1, 1, 768, 4), (2, 1, 1024, 256), (3, 1, 0, 4), (4, 1, 512, 256)]
w14:402	0	PLAN_DISJOINT		segs=[(0, 1, 32, 32), (1, 1, 0, 8), (2, 1, 80, 4)]
w14:557	0	PLAN_DISJOINT		segs=[(0, 1, 0, 64), (1, 1, 272, 4), (2, 1, 256, 4), (3, 1, 64, 64)]
w14:654	3	PLAN_DISJOINT		segs=[(0, 1, 48, 4), (1, 1, 32, 8), (2, 1, 16, 8), (3, 1, 0, 8), (4, 1, 64, 8)]
w15:633	2	PLAN_DISJOINT		segs=[(0, 1, 80, 8), (1, 1, 32, 4), (2, 1, 0, 24), (3, 1, 64, 4)]
w16:21	0	PLAN_DISJOINT		segs=[(0, 1, 160, 16), (1, 1, 144, 16), (2, 1, 128, 16), (3, 1, 0, 96)]
w17:108	2	PLAN_DISJOINT		segs=[(0, 1, 64, 8), (1, 1, 48, 8), (2, 1, 32, 16), (3, 1, 16, 4), (4, 1, 0, 8)]
w17:758	2	PLAN_DISJOINT		segs=[(0, 1, 3072, 1024), (1, 1, 4096, 1024), (2, 1, 2048, 1024), (3, 1, 0, 2048)]
w18:141	0	PLAN_DISJOINT		segs=[(0, 1, 0, 64), (1, 1, 256, 24), (2, 1, 416, 2)]
w18:185	4	PLAN_DISJOINT		segs=[(0, 1, 64, 2), (1, 1, 0, 4), (2, 1, 48, 8), (3, 1, 32, 4), (4, 1, 16, 8)]
w18:506	1	PLAN_DISJOINT		segs=[(1, 1, 768, 96), (2, 1, 192, 192), (3, 1, 880, 2), (4, 1, 864, 2)]
w19:138	5	PLAN_DISJOINT		segs=[(0, 1, 32, 32), (1, 1, 128, 8), (2, 1, 176, 8), (3, 1, 160, 8), (4, 1, 96, 32), (5, 1, 0, 32)]
w19:150	2	PLAN_DISJOINT		segs=[(0, 1, 48, 4), (1, 1, 32, 2), (2, 1, 16, 8), (3, 1, 0, 4)]
w19:654	1	PLAN_DISJOINT		segs=[(0, 1, 176, 1), (1, 1, 160, 4), (2, 1, 0, 64), (3, 1, 144, 8), (4, 1, 128, 4)]
w1:489	5	PLAN_DISJOINT		segs=[(0, 1, 80, 12), (1, 1, 32, 12), (2, 1, 64, 12), (3, 1, 16, 8), (4, 1, 0, 4), (5, 1, 48, 12)]
w1:781	1	PLAN_DISJOINT		segs=[(0, 1, 64, 0), (1, 1, 0, 64), (2, 1, 288, 32), (3, 1, 336, 16), (4, 1, 256, 32), (5, 1, 320, 8)]
w1:8	3	PLAN_DISJOINT		segs=[(0, 1, 64, 4), (1, 1, 48, 4), (2, 1, 32, 4), (3, 1, 16, 8), (4, 1, 0, 8)]
w23:684	0	PLAN_DISJOINT		segs=[(0, 1, 64, 8), (1, 1, 0, 2), (2, 1, 48, 4), (3, 1, 32, 8), (4, 1, 16, 8)]
w24:361	2	PLAN_DISJOINT		segs=[(0, 1, 16, 4), (1, 1, 16, 0), (2, 1, 0, 8), (3, 1, 16, 0)]
w26:312	1	PLAN_DISJOINT		segs=[(0, 1, 64, 1), (1, 1, 48, 16), (2, 1, 32, 16), (3, 1, 16, 8), (4, 1, 0, 8)]
w26:510	2	PLAN_DISJOINT		segs=[(0, 1, 448, 16), (1, 1, 144, 16), (2, 1, 288, 64), (3, 1, 0, 144)]
w26:594	3	PLAN_DISJOINT		segs=[(0, 1, 240, 16), (1, 1, 192, 32), (2, 1, 48, 48), (3, 1, 0, 48), (4, 1, 224, 2)]
w28:216	1	PLAN_DISJOINT		segs=[(0, 1, 448, 16), (1, 1, 608, 8), (2, 1, 384, 48), (3, 1, 432, 16), (4, 1, 512, 32), (5, 1, 256, 128)]
w28:678	3	PLAN_DISJOINT		segs=[(0, 1, 256, 32), (1, 1, 128, 64), (2, 1, 288, 16), (3, 1, 64, 64), (4, 1, 0, 64)]
w29:576	5	PLAN_DISJOINT		segs=[(0, 1, 80, 4), (1, 1, 64, 16), (2, 1, 48, 1), (3, 1, 32, 8), (4, 1, 16, 16), (5, 1, 0, 4)]
w29:80	1	PLAN_DISJOINT		segs=[(0, 1, 48, 8), (1, 1, 32, 8), (2, 1, 16, 8), (3, 1, 0, 4)]
w30:117	1	PLAN_DISJOINT		segs=[(0, 1, 0, 2), (1, 1, 64, 8), (2, 1, 48, 1), (3, 1, 32, 4), (4, 1, 16, 4)]
w30:477	3	PLAN_DISJOINT		segs=[(0, 1, 64, 4), (1, 1, 0, 32), (2, 1, 48, 16), (3, 1, 32, 16)]
w31:374	2	PLAN_DISJOINT		segs=[(0, 1, 80, 4), (1, 1, 48, 8), (2, 1, 32, 4), (3, 1, 0, 8), (4, 1, 16, 8)]
w31:738	0	PLAN_DISJOINT		segs=[(0, 1, 784, 1), (1, 1, 0, 320), (2, 1, 768, 4)]
w33:54	1	PLAN_DISJOINT		segs=[(0, 1, 448, 4), (1, 1, 0, 144), (2, 1, 464, 8), (3, 1, 432, 2)]
w33:721	0	PLAN_DISJOINT		segs=[(0, 1, 64, 8), (1, 1, 48, 8), (2, 1, 32, 8), (3, 1, 16, 1), (4, 1, 80, 16), (5, 1, 0, 4)]
w34:514	1	PLAN_DISJOINT		segs=[(0, 1, 192, 192), (1, 1, 848, 12), (2, 1, 672, 96), (3, 1, 0, 192), (4, 1, 816, 24)]
w34:589	2	PLAN_DISJOINT		segs=[(0, 1, 2304, 288), (1, 1, 1728, 576), (2, 1, 0, 864), (3, 1, 2592, 16)]
w34:661	0	PLAN_DISJOINT		segs=[(0, 1, 32, 4), (1, 1, 16, 4), (2, 1, 0, 4)]
w35:132	0	PLAN_DISJOINT		segs=[(0, 1, 48, 8), (1, 1, 32, 4), (2, 1, 16, 4), (3, 1, 0, 2)]
w35:519	1	PLAN_DISJOINT		segs=[(0, 1, 176, 4), (1, 1, 160, 12), (2, 1, 0, 48), (3, 1, 144, 4)]
w36:769	0	PLAN_DISJOINT		segs=[(0, 1, 1024, 256), (1, 1, 768, 256), (2, 1, 1280, 192)]
w37:364	2	PLAN_DISJOINT		segs=[(0, 1, 48, 6), (1, 1, 32, 12), (2, 1, 64, 12), (3, 1, 16, 6), (4, 1, 0, 2)]
w38:138	0	PLAN_DISJOINT		segs=[(0, 1, 48, 8), (1, 1, 32, 8), (2, 1, 0, 8), (3, 1, 16, 4)]
w38:438	1	PLAN_DISJOINT		segs=[(0, 1, 688, 8), (1, 1, 672, 4), (2, 1, 0, 256), (3, 1, 576, 96)]
w39:244	2	PLAN_DISJOINT		segs=[(0, 1, 64, 16), (1, 1, 0, 24), (2, 1, 48, 16), (3, 1, 32, 8)]
w39:426	1	PLAN_DISJOINT		segs=[(0, 1, 5760, 288), (1, 1, 0, 1152), (2, 1, 3456, 1152), (3, 1, 2304, 1152), (4, 1, 1152, 1152)]
w39:570	1	PLAN_DISJOINT		segs=[(0, 1, 0, 576), (1, 1, 1488, 48), (2, 1, 1152, 144), (3, 1, 1680, 2), (4, 1, 1440, 48)]
w3:147	4	PLAN_DISJOINT		segs=[(0, 1, 896, 24), (1, 1, 768, 96), (2, 1, 0, 768), (3, 1, 928, 2), (4, 1, 864, 24)]
w40:31	5	PLAN_DISJOINT		segs=[(0, 1, 96, 4), (1, 1, 80, 1), (2, 1, 64, 4), (3, 1, 16, 4), (4, 1, 48, 8), (5, 1, 32, 4)]
w41:234	2	PLAN_DISJOINT		segs=[(0, 1, 0, 256), (1, 1, 640, 64), (2, 1, 256, 128), (3, 1, 384, 4), (4, 1, 736, 2)]
w41:257	0	PLAN_DISJOINT		segs=[(2, 1, 1536, 768), (3, 1, 768, 0), (4, 1, 6144, 192)]
w42:125	0	PLAN_DISJOINT		segs=[(0, 1, 16, 4), (1, 1, 0, 4)]
w42:445	1	PLAN_DISJOINT		segs=[(0, 1, 48, 8), (1, 1, 32, 8), (2, 1, 16, 8), (3, 1, 0, 2)]
w42:511	0	PLAN_DISJOINT		segs=[(0, 1, 128, 128), (1, 1, 512, 64), (2, 1, 0, 128), (3, 1, 576, 4)]
w42:693	2	PLAN_DISJOINT		segs=[(0, 1, 48, 4), (1, 1, 16, 2), (2, 1, 0, 2)]
w43:198	3	PLAN_DISJOINT		segs=[(0, 1, 32, 32), (1, 1, 0, 32), (2, 1, 80, 4), (3, 1, 64, 8)]
w43:643	1	PLAN_DISJOINT		segs=[(0, 1, 112, 0), (1, 1, 0, 108), (2, 1, 192, 24), (3, 1, 320, 4)]
w44:437	1	PLAN_DISJOINT		segs=[(0, 1, 96, 16), (1, 1, 0, 32), (2, 1, 80, 2), (3, 1, 64, 8)]
w46:181	1	PLAN_DISJOINT		segs=[(0, 1, 576, 96), (1, 1, 192, 8)]
w46:661	0	PLAN_DISJOINT		segs=[(0, 1, 2528, 4), (1, 1, 0, 1152), (2, 1, 2448, 72)]
w47:168	1	PLAN_DISJOINT		segs=[(0, 1, 16, 12), (1, 1, 0, 1), (2, 1, 80, 4), (3, 1, 32, 12)]
w47:679	3	PLAN_DISJOINT		segs=[(0, 1, 576, 64), (1, 1, 384, 32), (2, 1, 512, 64), (3, 1, 128, 128), (4, 1, 0, 128)]
w47:7	2	PLAN_DISJOINT		segs=[(0, 1, 48, 3), (1, 1, 32, 6), (2, 1, 16, 1), (3, 1, 0, 6)]
w47:769	0	PLAN_DISJOINT		segs=[(0, 1, 0, 96), (1, 1, 224, 24), (2, 1, 96, 24), (3, 1, 192, 24)]
w49:158	0	PLAN_DISJOINT		segs=[(0, 1, 48, 8), (1, 1, 16, 8), (2, 1, 32, 4), (3, 1, 0, 4)]
w50:615	1	PLAN_DISJOINT		segs=[(0, 1, 0, 192), (1, 1, 240, 8), (2, 1, 384, 6), (3, 1, 368, 12)]
w51:124	0	PLAN_DISJOINT		segs=[(0, 1, 0, 4), (1, 1, 32, 1), (2, 1, 16, 16)]
w51:637	2	PLAN_DISJOINT		segs=[(0, 1, 48, 4), (1, 1, 32, 4), (2, 1, 16, 4), (3, 1, 0, 4)]
w52:399	3	PLAN_DISJOINT		segs=[(0, 1, 32, 8), (1, 1, 64, 8), (2, 1, 16, 8), (3, 1, 0, 8)]
w53:296	4	PLAN_DISJOINT		segs=[(0, 1, 64, 8), (1, 1, 48, 2), (2, 1, 32, 8), (3, 1, 16, 8), (4, 1, 0, 8)]
w53:413	1	PLAN_DISJOINT		segs=[(0, 1, 64, 2), (1, 1, 16, 1), (2, 1, 0, 1), (3, 1, 48, 1)]
w54:324	4	PLAN_DISJOINT		segs=[(0, 1, 0, 36), (1, 1, 160, 4), (2, 1, 144, 8), (3, 1, 128, 4), (4, 1, 112, 8), (5, 1, 96, 4)]
w54:592	0	PLAN_DISJOINT		segs=[(0, 1, 64, 8), (1, 1, 48, 8), (2, 1, 32, 2), (3, 1, 0, 8)]
w55:353	2	PLAN_DISJOINT		segs=[(0, 1, 48, 12), (1, 1, 16, 3), (2, 1, 0, 4)]
w55:464	3	PLAN_DISJOINT		segs=[(0, 1, 0, 384), (1, 1, 448, 24), (2, 1, 416, 32), (3, 1, 384, 24)]
w55:512	0	PLAN_DISJOINT		segs=[(0, 1, 64, 8), (1, 1, 48, 8), (2, 1, 32, 8), (3, 1, 16, 1), (4, 1, 0, 8)]
w56:86	0	PLAN_DISJOINT		segs=[(0, 1, 64, 4), (1, 1, 48, 2), (2, 1, 32, 8), (3, 1, 16, 4), (4, 1, 0, 8)]
w57:23	1	PLAN_DISJOINT		segs=[(0, 1, 0, 24), (1, 1, 48, 12), (2, 1, 32, 1)]
w57:301	4	PLAN_DISJOINT		segs=[(0, 1, 64, 24), (1, 1, 0, 24), (2, 1, 144, 8), (3, 1, 128, 12), (4, 1, 32, 24)]
w57:341	0	PLAN_DISJOINT		segs=[(0, 1, 240, 16), (1, 1, 0, 192), (2, 1, 224, 2), (3, 1, 208, 2)]
w57:377	0	PLAN_DISJOINT		segs=[(0, 1, 32, 8), (1, 1, 48, 8), (2, 1, 16, 2), (3, 1, 0, 3)]
w59:124	4	PLAN_DISJOINT		segs=[(0, 1, 2304, 128), (1, 1, 768, 768), (2, 1, 1536, 256), (3, 1, 0, 768), (4, 1, 1792, 8)]
w59:167	3	PLAN_DISJOINT		segs=[(0, 1, 48, 2), (1, 1, 32, 8), (2, 1, 16, 4), (3, 1, 0, 1)]
w59:692	0	PLAN_DISJOINT		segs=[(0, 1, 48, 8), (1, 1, 32, 4), (2, 1, 16, 8), (3, 1, 0, 2)]
w5:200	0	PLAN_DISJOINT		segs=[(0, 1, 3584, 512), (1, 1, 4096, 256), (2, 1, 4352, 24), (3, 1, 3072, 512), (4, 1, 4416, 4)]
w5:214	0	PLAN_DISJOINT		segs=[(0, 1, 32, 24), (1, 1, 0, 24), (2, 1, 144, 6), (3, 1, 128, 12)]
w5:590	3	PLAN_DISJOINT		segs=[(0, 1, 80, 8), (1, 1, 48, 16), (2, 1, 0, 1), (3, 1, 32, 8), (4, 1, 16, 16)]
w5:690	3	PLAN_DISJOINT		segs=[(0, 1, 64, 4), (1, 1, 48, 4), (2, 1, 0, 8), (3, 1, 32, 8), (4, 1, 16, 8)]
w60:412	0	PLAN_DISJOINT		segs=[(0, 1, 0, 36), (1, 1, 64, 2), (2, 1, 48, 6)]
w63:379	2	PLAN_DISJOINT		segs=[(0, 1, 64, 4), (1, 1, 48, 2), (2, 1, 32, 8), (3, 1, 16, 1), (4, 1, 0, 8)]
w65:128	3	PLAN_DISJOINT		segs=[(0, 1, 0, 4), (1, 1, 16, 2), (2, 1, 80, 4), (3, 1, 64, 8), (4, 1, 48, 2), (5, 1, 32, 2)]
w65:222	0	PLAN_DISJOINT		segs=[(0, 1, 112, 16), (1, 1, 80, 16), (2, 1, 64, 8), (3, 1, 16, 8), (4, 1, 48, 4), (5, 1, 32, 4), (6, 1, 0, 2)]
w65:409	1	PLAN_DISJOINT		segs=[(0, 1, 192, 4), (1, 1, 128, 32), (2, 1, 176, 2), (3, 1, 160, 2)]
w65:504	5	PLAN_DISJOINT		segs=[(0, 1, 0, 256), (1, 1, 1536, 128), (2, 1, 1024, 256), (3, 1, 768, 256), (4, 1, 512, 256), (5, 1, 256, 256)]
w65:540	4	PLAN_DISJOINT		segs=[(0, 1, 144, 8), (1, 1, 128, 8), (2, 1, 112, 16), (3, 1, 48, 4), (4, 1, 0, 48)]
w65:544	1	PLAN_DISJOINT		segs=[(0, 1, 0, 1152), (1, 1, 1536, 384), (2, 1, 1920, 96), (3, 1, 1152, 384), (4, 1, 2688, 192)]
w66:76	1	PLAN_DISJOINT		segs=[(0, 1, 0, 1152), (1, 1, 5184, 288), (2, 1, 4608, 576), (3, 1, 5472, 2)]
w67:228	1	PLAN_DISJOINT		segs=[(0, 1, 16, 2), (1, 1, 32, 8), (2, 1, 0, 8)]
w67:503	3	PLAN_DISJOINT		segs=[(0, 1, 80, 3), (1, 1, 64, 1), (2, 1, 48, 12), (3, 1, 32, 12), (4, 1, 16, 12), (5, 1, 0, 3)]
w67:740	0	PLAN_DISJOINT		segs=[(0, 1, 416, 16), (1, 1, 0, 288), (2, 1, 400, 16), (3, 1, 384, 16)]
w67:743	0	PLAN_DISJOINT		segs=[(0, 1, 880, 216), (1, 1, 656, 216), (2, 1, 432, 216), (3, 1, 0, 432), (4, 1, 1552, 27)]
w70:130	1	PLAN_DISJOINT		segs=[(0, 1, 0, 2), (1, 1, 48, 2), (2, 1, 32, 8), (3, 1, 16, 8)]
w70:258	0	PLAN_DISJOINT		segs=[(0, 1, 384, 64), (1, 1, 0, 256), (2, 1, 256, 128)]
w70:508	1	PLAN_DISJOINT		segs=[(0, 1, 48, 2), (1, 1, 32, 4), (2, 1, 16, 4), (3, 1, 0, 8)]
w70:601	0	PLAN_DISJOINT		segs=[(0, 1, 288, 288), (1, 1, 976, 2), (2, 1, 944, 18), (3, 1, 0, 288)]
w70:7	2	PLAN_DISJOINT		segs=[(0, 1, 0, 384), (1, 1, 960, 192), (2, 1, 768, 192), (3, 1, 1152, 2)]
w71:0	1	PLAN_DISJOINT		segs=[(0, 1, 48, 12), (1, 1, 32, 12), (2, 1, 16, 4), (3, 1, 0, 6)]
w71:241	0	PLAN_DISJOINT		segs=[(0, 1, 48, 8), (1, 1, 32, 4), (2, 1, 16, 8), (3, 1, 0, 8)]
w72:160	4	PLAN_DISJOINT		segs=[(0, 1, 16, 2), (1, 1, 0, 8), (2, 1, 64, 4), (3, 1, 48, 4), (4, 1, 32, 8)]
w73:206	0	PLAN_DISJOINT		segs=[(0, 1, 64, 8), (1, 1, 48, 1), (2, 1, 0, 24), (3, 1, 32, 8)]
w73:517	0	PLAN_DISJOINT		segs=[(0, 1, 64, 4), (1, 1, 48, 1), (2, 1, 32, 12), (3, 1, 16, 1), (4, 1, 0, 2)]
w76:209	1	PLAN_DISJOINT		segs=[(0, 1, 4224, 384), (1, 1, 2304, 768), (2, 1, 5184, 1), (3, 1, 0, 2304), (4, 1, 4992, 192), (5, 1, 3840, 384)]
w77:126	1	PLAN_DISJOINT		segs=[(1, 1, 208, 1), (2, 1, 192, 2), (3, 1, 80, 24), (4, 1, 0, 36), (5, 1, 176, 4)]
w78:2	2	PLAN_DISJOINT		segs=[(0, 1, 0, 288), (1, 1, 480, 4), (2, 1, 384, 24), (3, 1, 288, 4)]
w78:576	3	PLAN_DISJOINT		segs=[(0, 1, 0, 1), (1, 1, 64, 4), (2, 1, 32, 2), (3, 1, 48, 4)]
w79:389	0	PLAN_DISJOINT		segs=[(0, 1, 64, 8), (1, 1, 48, 1), (2, 1, 16, 4), (3, 1, 0, 4)]
w7:145	0	PLAN_DISJOINT		segs=[(0, 1, 64, 12), (1, 1, 32, 6), (2, 1, 16, 3), (3, 1, 0, 8)]
w80:221	2	PLAN_DISJOINT		segs=[(0, 1, 0, 16), (1, 1, 64, 16), (2, 1, 48, 16), (3, 1, 32, 4), (4, 1, 16, 4)]
w81:313	1	PLAN_DISJOINT		segs=[(0, 1, 16, 4), (1, 1, 64, 12), (2, 1, 32, 6), (3, 1, 0, 8)]
w81:416	0	PLAN_DISJOINT		segs=[(0, 1, 48, 4), (1, 1, 32, 16), (2, 1, 16, 8), (3, 1, 0, 4)]
w81:747	3	PLAN_DISJOINT		segs=[(0, 1, 96, 0), (1, 1, 64, 1), (2, 1, 48, 6), (3, 1, 32, 4), (4, 1, 0, 8)]
w83:466	3	PLAN_DISJOINT		segs=[(0, 1, 48, 4), (1, 1, 0, 8), (2, 1, 32, 2), (3, 1, 16, 8)]
w83:474	0	PLAN_DISJOINT		segs=[(0, 1, 128, 8), (1, 1, 112, 4), (2, 1, 96, 2), (3, 1, 80, 2)]
w84:515	4	PLAN_DISJOINT		segs=[(0, 1, 64, 8), (1, 1, 48, 4), (2, 1, 32, 8), (3, 1, 16, 2), (4, 1, 0, 8)]
w84:630	1	PLAN_DISJOINT		segs=[(0, 1, 48, 1), (1, 1, 32, 2), (2, 1, 16, 1), (3, 1, 0, 1)]
w85:778	2	PLAN_DISJOINT		segs=[(0, 1, 64, 8), (1, 1, 48, 4), (2, 1, 32, 8), (3, 1, 16, 8), (4, 1, 0, 8)]
w87:558	1	PLAN_DISJOINT		segs=[(0, 1, 96, 64), (1, 1, 160, 24), (2, 1, 224, 2), (3, 1, 0, 96)]
w8:250	1	PLAN_DISJOINT		segs=[(0, 1, 48, 2), (1, 1, 32, 16), (2, 1, 112, 16), (3, 1, 0, 32)]
w8:364	0	PLAN_DISJOINT		segs=[(0, 1, 48, 4), (1, 1, 32, 4), (2, 1, 16, 1), (3, 1, 0, 4)]
w8:586	3	PLAN_DISJOINT		segs=[(0, 1, 848, 24), (1, 1, 768, 72), (2, 1, 192, 192), (3, 1, 0, 192)]
w90:172	0	PLAN_DISJOINT		segs=[(0, 1, 128, 24), (1, 1, 96, 24), (2, 1, 32, 24), (3, 1, 160, 6), (4, 1, 0, 24)]
w90:687	4	PLAN_DISJOINT		segs=[(0, 1, 80, 6), (1, 1, 48, 12), (2, 1, 0, 4), (3, 1, 16, 8), (4, 1, 32, 12)]
w91:537	3	PLAN_DISJOINT		segs=[(0, 1, 48, 4), (1, 1, 32, 4), (2, 1, 64, 16), (3, 1, 16, 16), (4, 1, 0, 4)]
w91:581	2	PLAN_DISJOINT		segs=[(0, 1, 32, 32), (1, 1, 112, 4), (2, 1, 0, 32), (3, 1, 144, 4), (4, 1, 96, 4)]
w92:685	4	PLAN_DISJOINT		segs=[(0, 1, 0, 576), (1, 1, 576, 0), (2, 1, 1920, 192), (3, 1, 2112, 96), (4, 1, 1152, 384)]
w94:126	3	PLAN_DISJOINT		segs=[(0, 1, 64, 2), (1, 1, 48, 4), (2, 1, 32, 4), (3, 1, 16, 16), (4, 1, 0, 2)]
w95:434	3	PLAN_DISJOINT		segs=[(0, 1, 64, 8), (1, 1, 48, 12), (2, 1, 32, 12), (3, 1, 16, 12), (4, 1, 0, 3)]
w95:450	3	PLAN_DISJOINT		segs=[(0, 1, 256, 32), (1, 1, 288, 16), (2, 1, 64, 64), (3, 1, 0, 64)]
w95:606	2	PLAN_DISJOINT		segs=[(0, 1, 48, 4), (1, 1, 32, 2), (2, 1, 16, 4), (3, 1, 0, 8)]
w95:666	1	PLAN_DISJOINT		segs=[(0, 1, 416, 4), (1, 1, 0, 4), (2, 1, 400, 4), (3, 1, 384, 16), (4, 1, 256, 128)]
w98:58	2	PLAN_DISJOINT		segs=[(0, 1, 32, 24), (1, 1, 0, 24), (2, 1, 96, 24), (3, 1, 64, 24), (4, 1, 160, 0)]
w9:234	3	PLAN_DISJOINT		segs=[(0, 1, 192, 0), (1, 1, 512, 64), (2, 1, 320, 64), (3, 1, 192, 128), (4, 1, 448, 64), (5, 1, 0, 192)]
w9:336	3	PLAN_DISJOINT		segs=[(0, 1, 48, 2), (1, 1, 32, 4), (2, 1, 16, 8), (3, 1, 0, 8)]
w9:434	1	PLAN_DISJOINT		segs=[(0, 1, 336, 4), (1, 1, 304, 2), (2, 1, 0, 192), (3, 1, 288, 8)]
w9:504	0	PLAN_DISJOINT		segs=[(0, 1, 0, 24), (1, 1, 144, 2), (2, 1, 32, 24), (3, 1, 128, 12)]

=== SUMMARY n=204 ===
   204  PLAN_DISJOINT
